天数  每天离开人数（负样本）后5天 后4天(1-0-0-0-0) 后3天(1-0-0-0) 后2天(1-0-0形状 )      后1天(括号中的值代表后2天打卡形状1-0形状)
 1    413              353  353             353            353                  353
 2    120              19   19              19             19                   28(9)
 3    124              13   13              13             14(1)                16(2)
 4    123              2    2               2              3(1)                 11(8)
 5    129              6    8(2)            9(1)           13(4)                20(7)
 6    74               1    1               2(1)           6(4)                 16(10)
 7    237              72   82(10)          111(29)        133(22)              164(31)
 8    143              7    12(5)           15(3)          16(1)                21(5)
 9    147              7    7               10(3)          11(1)                15(4)
 10   147              8    10(2)           11(1)          13(2)                17(4)
 11   162              11   11              13(2)          18(5)                25(7)
 12   176              4    5(1)            9(4)           11(2)                16(4)
 13   96               6    6               9(3)           9(0)                 16(7)
 14   368              154  175(21)         199(24)        232(33)              274(42)
 15   195              12   14(2)           16(2)          20(4)                28(8)
 16   237              20   23(3)           25(2)          27(2)                34(7)
 17   243              13   17(4)           23(5)          31(8)                36(5)
 18   264              16   18(2)           23(5)          31(8)                46(15)
 19   245              10   11(1)           17(6)          22(5)                33(11)
 20   150              15   17(2)           20(3)          22(2)                24(2)
 21   1133             584  603(19)         761(158)       876(115)             994(118)
 22   440              35   42(7)           56(14)         62(6)                76(14)
 23   484              32   38(6)           44(6)          46(2)                65(19)
 24   606              40   41(1)           48(7)          69(21)               101(32)
 25   776              47   57(10)          72(15)         96(24)               117(21)
 26   1089             68   85(17)          103(18)        131(28)              176(45)
